Testing started at 14:47 ...
D:\ProgramData\Anaconda3\python.exe "D:\Program Files\JetBrains\PyCharm Community Edition 2020.2.3\plugins\python-ce\helpers\pycharm\_jb_pytest_runner.py" --target test_cvl_nn.py::test_cvl_nn
Launching pytest with arguments test_cvl_nn.py::test_cvl_nn in D:\ML\wind\code\cnn

============================= test session starts =============================
platform win32 -- Python 3.8.3, pytest-5.4.3, py-1.9.0, pluggy-0.13.1 -- D:\ProgramData\Anaconda3\python.exe
cachedir: .pytest_cache
rootdir: D:\ML\wind\code\cnn
collecting ... collected 1 item

test_cvl_nn.py::test_cvl_nn PASSED                                       [100%]
begin time = Wed Jan 20 14:47:15 2021


end time = Wed Jan 20 18:13:34 2021



训练次数 = 30000

层数 ＝ 0
W:
[[[3710.669733], [4652.961025], [1095.952073]], 
[[4321.051033], [4428.459554], [1973.079748]], 
[[6070.385994], [5199.325586], [4024.355601]]]

B:
[[[0.481016], [1.479405], [1.644163], [1.664827], [2.603248], [-0.692180], [-22.570521], [5.984156], [-7.046535], [1.147998], [-6.040013], [1.435000], [1.840228], [1.881080], [1.723612], [2.414390], [1.436876], [0.501127]], 
[[1.176733], [1.683005], [2.713023], [8.078468], [-5.992471], [-9.225040], [-21.505594], [-19.517236], [-28.218400], [-21.484858], [-14.649296], [3.574757], [3.807217], [0.847170], [1.919800], [2.341127], [1.645516], [0.663986]], 
[[0.259214], [1.954408], [3.727751], [0.586368], [-5.346028], [-24.099575], [-25.984599], [22.533014], [34.946095], [8.799916], [-37.668836], [-47.373917], [10.751742], [-0.999125], [3.709080], [4.193422], [3.192237], [1.583705]], 
[[0.183992], [2.145967], [3.590236], [3.791182], [-0.654658], [-15.513380], [2.456422], [-26.862966], [-6.094008], [-15.857716], [-14.187334], [2.315549], [31.614812], [-4.578117], [4.093729], [3.836288], [3.429718], [1.717084]], 
[[0.638994], [1.823400], [4.084786], [-5.156160], [7.841026], [-17.522750], [33.872747], [8.977444], [-1.237709], [8.503539], [-12.446968], [-34.233941], [-15.249219], [16.398821], [4.074916], [4.172607], [3.176907], [1.465232]], 
[[0.772551], [1.514471], [3.269107], [-1.923336], [5.030123], [-7.654132], [2.850638], [-58.421646], [9.391303], [55.564308], [-37.230079], [-22.807281], [-6.208074], [26.062485], [4.086080], [3.878051], [3.480432], [2.298993]], 
[[0.671210], [2.367788], [3.492589], [-1.598956], [-0.902322], [1.848229], [-26.826901], [-1.991831], [43.175759], [-70.145489], [-10.499420], [-7.633727], [0.263590], [6.551044], [3.647208], [4.104495], [3.385511], [1.307969]], 
[[0.483535], [2.469480], [-5.019282], [1.821629], [-42.371161], [5.304859], [-37.254061], [77.663842], [-79.752569], [-28.765551], [30.481695], [-12.088809], [-3.246721], [6.314126], [3.321091], [4.002362], [3.347963], [2.211049]], 
[[0.166867], [2.048198], [-2.116968], [-18.149841], [-14.871182], [16.187640], [-15.197987], [-35.576005], [-37.221616], [70.778967], [-22.585206], [-2.175218], [-14.632462], [7.564049], [2.928270], [3.279351], [3.186351], [1.758367]], 
[[0.851498], [2.397779], [7.018646], [-19.953396], [13.087715], [-29.407327], [15.101422], [-23.442321], [68.109863], [-71.255025], [3.186463], [7.628696], [6.962931], [9.199756], [3.612293], [3.950190], [2.709571], [1.681855]], 
[[0.986109], [2.464037], [8.773463], [-19.538770], [-16.806587], [-9.554985], [7.013863], [-8.931838], [19.987893], [3.676565], [37.854401], [-35.194586], [13.520102], [-1.354770], [3.764206], [3.040560], [2.774600], [1.403052]], 
[[0.682418], [2.108791], [22.649892], [-35.662664], [-29.555124], [2.996384], [6.215033], [12.358918], [-14.108391], [21.496091], [-17.624577], [-9.619745], [19.351015], [4.453224], [3.409606], [3.699201], [3.557813], [1.434591]], 
[[0.214433], [2.426809], [-1.710304], [1.299383], [-33.250223], [37.516076], [-26.690552], [-0.477240], [8.400167], [15.684608], [-29.466649], [5.582492], [-6.672823], [4.438397], [3.593108], [3.834974], [3.068126], [2.192989]], 
[[0.643346], [1.858464], [0.361328], [11.792930], [-85.045735], [-0.716241], [-19.332720], [57.348995], [-36.080911], [-15.898030], [10.880838], [-0.607350], [-10.553449], [3.856304], [2.972978], [3.779078], [3.297318], [1.845069]], 
[[0.418171], [1.749720], [3.989544], [4.382302], [5.080403], [-13.058205], [1.339263], [-39.167502], [-0.118310], [21.876050], [-17.792757], [-11.404957], [-7.822473], [5.977874], [3.639743], [3.872232], [3.098578], [1.366064]], 
[[0.419107], [1.933545], [3.337127], [2.684315], [7.545824], [-35.294587], [33.162389], [-6.933339], [19.535522], [-37.014542], [-2.076363], [18.930902], [2.205434], [8.094306], [3.418088], [3.447455], [3.601249], [1.894300]], 
[[0.079009], [0.286546], [1.022037], [2.107463], [-2.273010], [-0.649206], [13.136886], [-25.728171], [16.058342], [7.177684], [1.757698], [1.806189], [1.633105], [1.535858], [1.864792], [2.131091], [1.098139], [0.491458]], 
[[-0.219509], [0.510614], [1.868633], [1.169649], [1.519331], [6.453987], [-2.939635], [-14.354317], [8.249411], [1.649194], [1.061232], [0.763301], [0.399078], [1.371210], [1.753548], [1.156977], [1.292655], [0.534007]]]


层数 ＝ 1
W:
[[[0.783723], [0.313253], [-0.078143]], 
[[0.051495], [0.091621], [0.300788]], 
[[0.521301], [0.720201], [0.216941]]]

B:
[[[1.672836], [1.679473], [1.695475], [1.676572], [1.669898], [-1.474858], [-2.073087], [-1.474858], [-1.474858], [-0.685062], [1.667057], [1.664220], [1.710309], [1.678113], [1.685421], [1.687634]], 
[[1.665277], [1.662224], [1.705135], [-0.705761], [-1.484957], [-2.546582], [-2.104846], [-2.118393], [-2.985055], [-2.986434], [-2.118393], [-0.685847], [1.680542], [1.680137], [1.698668], [1.668004]], 
[[1.688326], [1.680050], [1.674775], [1.668446], [-0.578536], [-1.553646], [-2.593382], [-0.949328], [-1.704736], [-2.564164], [-1.589217], [-1.581363], [1.673129], [1.710729], [1.669800], [1.672070]], 
[[1.703128], [1.679874], [1.669394], [1.684927], [-0.756516], [-2.133169], [-2.181063], [-0.756516], [-2.985723], [-2.984103], [-0.685847], [-1.581363], [1.667327], [1.680501], [1.685006], [1.665938]], 
[[1.678127], [1.668468], [1.672047], [-0.756516], [-1.590971], [-2.133169], [-1.671096], [-3.401474], [-3.436188], [-2.160564], [1.704427], [-0.820700], [1.678673], [1.684171], [1.664198], [1.685935]], 
[[1.692954], [1.687184], [1.682789], [-0.756516], [-1.617018], [-0.685847], [-2.988908], [-3.904535], [-2.056386], [-1.637888], [1.663832], [-0.820700], [1.664582], [1.683815], [1.662592], [1.664087]], 
[[1.681076], [1.671952], [1.676067], [-0.756516], [-1.617018], [-1.558727], [-2.584650], [-2.562646], [-0.949328], [-0.949328], [-1.580490], [-0.820700], [1.675133], [1.711613], [1.664483], [1.698822]], 
[[1.661863], [1.712461], [-0.756516], [-0.820700], [-2.586081], [-2.993921], [-3.400234], [-2.982620], [-2.156551], [-2.156551], [-2.127785], [-0.756516], [1.699766], [1.687354], [1.702722], [1.667459]], 
[[1.683487], [1.693318], [-0.756516], [-1.609175], [-2.568773], [-2.062288], [-2.114036], [-2.133385], [-0.748720], [-1.638745], [-2.113091], [1.686274], [1.671893], [1.712806], [1.707280], [1.691251]], 
[[1.667499], [1.663479], [1.665806], [-1.581363], [-2.103450], [-0.578536], [-0.869987], [-1.590971], [-2.172507], [-2.179975], [-2.113091], [-0.685847], [1.683019], [1.673716], [1.665797], [1.682961]], 
[[1.684071], [1.678191], [-0.685062], [-2.118393], [-2.077334], [1.664176], [-1.629923], [-0.756516], [-2.172507], [-0.820700], [-0.685062], [-0.685847], [1.684827], [1.702270], [1.688195], [1.682184]], 
[[1.668261], [1.672674], [-1.561334], [-2.986434], [-1.504981], [-0.748720], [-1.629923], [-2.600523], [-2.600523], [1.670346], [-0.685062], [-0.685847], [1.683488], [1.699618], [1.674943], [1.692335]], 
[[1.678318], [1.678561], [-0.775778], [-3.426320], [-2.113091], [-2.582876], [-2.589941], [-2.600523], [-0.685062], [-1.522185], [-1.522185], [-0.685847], [1.687363], [1.691047], [1.684109], [1.668603]], 
[[1.694579], [1.667069], [1.695423], [-1.517566], [-2.560388], [-3.406595], [-2.982190], [-2.118078], [-2.056386], [-1.475743], [-0.578536], [-0.578536], [1.711207], [1.705663], [1.668635], [1.692273]], 
[[1.692548], [1.688322], [1.666762], [1.684846], [1.678964], [-0.869987], [-1.553646], [-0.685847], [1.669606], [1.666620], [1.710338], [1.698657], [1.706056], [1.663717], [1.673198], [1.694950]], 
[[1.687191], [1.661793], [1.708868], [1.691789], [-0.869987], [-0.869987], [-0.756516], [1.674389], [1.664361], [1.693832], [1.694665], [1.708483], [1.663648], [1.670192], [1.688745], [1.671990]]]


======================= 1 passed in 29348.44s (8:09:08) =======================

Process finished with exit code 0
