Testing started at 21:57 ...
D:\ProgramData\Anaconda3\python.exe "D:\Program Files\JetBrains\PyCharm Community Edition 2020.2.3\plugins\python-ce\helpers\pycharm\_jb_pytest_runner.py" --target test_cvl_nn.py::test_cvl_nn
Launching pytest with arguments test_cvl_nn.py::test_cvl_nn in D:\ML\wind\code\cnn

============================= test session starts =============================
platform win32 -- Python 3.8.3, pytest-5.4.3, py-1.9.0, pluggy-0.13.1 -- D:\ProgramData\Anaconda3\python.exe
cachedir: .pytest_cache
rootdir: D:\ML\wind\code\cnn
collecting ... collected 1 item

test_cvl_nn.py::test_cvl_nn PASSED                                       [100%]
begin time = Thu Jan 21 21:57:40 2021


end time = Fri Jan 22 01:34:34 2021



训练次数 = 30000

层数 ＝ 0
W:
[[[12071.309562], [15377.210377], [4448.563263]], 
[[14387.443066], [15075.763724], [7188.361990]], 
[[19705.518657], [17181.649717], [13014.594954]]]

B:
[[[0.623123], [1.779860], [2.095327], [2.114642], [3.055280], [-4.579717], [-66.549237], [22.034244], [-17.353663], [7.825338], [-18.203573], [1.050627], [2.293353], [2.330696], [2.168613], [2.864549], [1.745849], [0.653354]], 
[[1.380302], [2.080475], [3.311091], [20.540202], [-19.073015], [-24.771445], [-59.161407], [-51.851169], [-78.262277], [-57.488496], [-37.178790], [15.149654], [12.003292], [0.600718], [2.509341], [2.934833], [2.039899], [0.872826]], 
[[0.442040], [2.477051], [4.611809], [-4.619813], [-20.294800], [-76.137611], [-73.835443], [76.208022], [112.093414], [32.624095], [-104.304554], [-138.869678], [30.941529], [-7.780527], [4.580397], [5.073021], [3.892096], [1.946854]], 
[[0.361482], [2.663736], [4.478000], [4.276762], [-6.284491], [-45.494664], [13.809831], [-74.853218], [-9.963969], [-39.317466], [-31.818377], [15.364583], [96.957026], [-16.627513], [4.978710], [4.715217], [4.130899], [2.085967]], 
[[0.821018], [2.344130], [4.969612], [-20.773538], [22.112559], [-50.522208], [107.338870], [36.774786], [6.362571], [34.647473], [-30.381541], [-97.761572], [-45.659370], [47.909021], [4.955663], [5.053029], [3.883078], [1.828972]], 
[[0.954014], [2.026667], [4.142501], [-10.748189], [13.552926], [-21.794572], [14.629246], [-164.900257], [37.377112], [176.966195], [-105.495322], [-66.749194], [-20.506163], [75.515788], [4.979714], [4.765948], [4.190724], [2.667707]], 
[[0.853238], [2.888861], [4.379182], [-10.535381], [-3.095937], [11.437516], [-71.961938], [0.279247], [138.296674], [-199.890954], [-24.576330], [-19.628473], [0.609008], [17.603795], [4.528715], [4.984607], [4.088705], [1.665648]], 
[[0.671099], [2.985815], [-20.649433], [2.576357], [-125.833173], [25.131473], [-102.622601], [242.862220], [-227.063488], [-76.445604], [101.451002], [-32.126754], [-8.055189], [16.915917], [4.195560], [4.880097], [4.053223], [2.578404]], 
[[0.351232], [2.562896], [-10.945905], [-57.711895], [-41.606405], [56.666399], [-37.017636], [-99.047889], [-103.348158], [219.099346], [-63.931683], [-3.463501], [-43.519241], [18.974805], [3.789599], [4.142094], [3.875218], [2.114524]], 
[[1.036842], [2.928597], [14.587629], [-62.388102], [42.579012], [-82.263265], [55.207855], [-62.622106], [213.341377], [-206.537785], [17.624379], [30.991743], [24.879163], [24.834252], [4.490072], [4.825459], [3.406500], [2.045372]], 
[[1.169902], [2.985835], [20.883634], [-58.378390], [-46.414827], [-22.774029], [25.937416], [-23.910274], [68.685295], [15.346277], [118.716383], [-101.069078], [41.646998], [-8.230029], [4.635741], [3.903578], [3.463806], [1.761815]], 
[[0.867692], [2.636253], [65.053528], [-108.595754], [-85.163704], [15.620268], [23.637945], [44.305692], [-34.396641], [70.031903], [-47.970952], [-25.512849], [61.215358], [10.997118], [4.286290], [4.578584], [4.257442], [1.793005]], 
[[0.399390], [2.948524], [-10.003763], [3.433096], [-94.434110], [122.482799], [-75.267799], [3.165624], [32.450196], [54.469986], [-83.553593], [19.564142], [-18.566821], [10.983770], [4.464219], [4.707444], [3.766746], [2.556300]], 
[[0.823575], [2.381168], [-6.084789], [33.383596], [-250.056051], [7.188154], [-48.857677], [182.583608], [-99.358521], [-37.436399], [35.783366], [-0.895572], [-31.671321], [10.008538], [3.838383], [4.653049], [3.995176], [2.202395]], 
[[0.597646], [2.266538], [4.875688], [7.595060], [14.247710], [-37.036203], [6.780482], [-110.557529], [3.347089], [64.685001], [-56.011946], [-35.740931], [-24.273948], [14.008485], [4.515336], [4.751082], [3.797960], [1.726472]], 
[[0.600293], [2.451602], [4.216384], [1.731963], [20.010711], [-105.022961], [104.921414], [-16.612096], [59.515298], [-113.133131], [-9.135382], [55.264364], [3.993352], [19.659266], [4.291544], [4.329468], [4.300370], [2.254264]], 
[[0.121554], [0.507390], [1.444962], [2.537911], [-8.540469], [-5.493313], [40.144670], [-75.125057], [51.399933], [21.032764], [2.193447], [2.229158], [2.051877], [1.955090], [2.293493], [2.568163], [1.483517], [0.696749]], 
[[-0.235660], [0.639563], [2.158261], [1.454444], [2.557903], [19.850694], [-6.613873], [-42.251849], [24.137572], [1.940871], [1.348749], [1.044056], [0.675514], [1.654553], [2.046332], [1.443651], [1.595236], [0.691386]]]


层数 ＝ 1
W:
[[[0.815742], [0.345272], [-0.046124]], 
[[0.083514], [0.123640], [0.332807]], 
[[0.553320], [0.752220], [0.248960]]]

B:
[[[1.960071], [1.963842], [1.973021], [1.962191], [1.958408], [-1.765839], [-2.362734], [-1.765839], [-1.765839], [-0.982527], [1.956804], [1.955206], [1.981640], [1.963067], [1.967239], [1.968507]], 
[[1.955801], [1.954084], [1.978622], [-1.002731], [-1.775833], [-2.835838], [-2.394335], [-2.407831], [-3.274184], [-3.275609], [-2.407831], [-0.982975], [1.964450], [1.964220], [1.974867], [1.957338]], 
[[1.968904], [1.964170], [1.961169], [1.957588], [-0.878103], [-1.844203], [-2.882499], [-1.243092], [-1.994848], [-2.853356], [-1.879667], [-1.871769], [1.960236], [1.981886], [1.958353], [1.959637]], 
[[1.977455], [1.964069], [1.958123], [1.966956], [-1.052857], [-2.422674], [-2.470462], [-1.052857], [-3.274875], [-3.273243], [-0.982975], [-1.871769], [1.956957], [1.964427], [1.967001], [1.956174]], 
[[1.963075], [1.957600], [1.959624], [-1.052857], [-1.881647], [-2.422674], [-1.961420], [-3.690640], [-3.725512], [-2.450005], [1.978210], [-1.116003], [1.963386], [1.966524], [1.955194], [1.967533]], 
[[1.971566], [1.968249], [1.965733], [-1.052857], [-1.907548], [-0.982975], [-3.278017], [-4.194309], [-2.345980], [-1.928203], [1.954988], [-1.116003], [1.955410], [1.966320], [1.954291], [1.955132]], 
[[1.964755], [1.959569], [1.961904], [-1.052857], [-1.907548], [-1.849345], [-2.873784], [-2.851841], [-1.243092], [-1.243092], [-1.871023], [-1.116003], [1.961373], [1.982403], [1.955355], [1.974956]], 
[[1.953882], [1.982899], [-1.052857], [-1.116003], [-2.875296], [-3.283056], [-3.689431], [-3.271696], [-2.445948], [-2.445948], [-2.417310], [-1.052857], [1.975503], [1.968346], [1.977218], [1.957030]], 
[[1.966132], [1.971776], [-1.052857], [-1.899626], [-2.857965], [-2.351839], [-2.403599], [-2.422994], [-1.045195], [-1.928945], [-2.402566], [1.967728], [1.959536], [1.983101], [1.979872], [1.970586]], 
[[1.957053], [1.954790], [1.956099], [-1.871769], [-2.392945], [-0.878103], [-1.164739], [-1.881647], [-2.461998], [-2.469379], [-2.402566], [-0.982975], [1.965865], [1.960569], [1.956094], [1.965832]], 
[[1.966466], [1.963112], [-0.982527], [-2.407831], [-2.366946], [1.955182], [-1.920332], [-1.052857], [-2.461998], [-1.116003], [-0.982527], [-0.982975], [1.966899], [1.976956], [1.968829], [1.965388]], 
[[1.957483], [1.959979], [-1.852106], [-3.275609], [-1.795862], [-1.045195], [-1.920332], [-2.889680], [-2.889680], [1.958661], [-0.982527], [-0.982975], [1.966133], [1.975417], [1.961265], [1.971209]], 
[[1.963183], [1.963322], [-1.072101], [-3.715627], [-2.402566], [-2.872095], [-2.879149], [-2.889680], [-0.982527], [-1.812839], [-1.812839], [-0.982975], [1.968352], [1.970468], [1.966488], [1.957676]], 
[[1.972503], [1.956811], [1.972990], [-1.808511], [-2.849610], [-3.695824], [-3.271298], [-2.407593], [-2.345980], [-1.766575], [-0.878103], [-0.878103], [1.982165], [1.978929], [1.957694], [1.971174]], 
[[1.971333], [1.968902], [1.956638], [1.966910], [1.963551], [-1.164739], [-1.844203], [-0.982975], [1.958243], [1.956557], [1.981657], [1.974861], [1.979158], [1.954923], [1.960275], [1.972717]], 
[[1.968253], [1.953843], [1.980798], [1.970895], [-1.164739], [-1.164739], [-1.052857], [1.960951], [1.955286], [1.972073], [1.972553], [1.980573], [1.954884], [1.958573], [1.969145], [1.959591]]]


======================= 1 passed in 29178.49s (8:06:18) =======================

Process finished with exit code 0
