Testing started at 23:15 ...
D:\ProgramData\Anaconda3\python.exe "D:\Program Files\JetBrains\PyCharm Community Edition 2020.2.3\plugins\python-ce\helpers\pycharm\_jb_pytest_runner.py" --target test_cvl_nn.py::test_cvl_nn
Launching pytest with arguments test_cvl_nn.py::test_cvl_nn in D:\ML\wind\code\cnn

============================= test session starts =============================
platform win32 -- Python 3.8.3, pytest-5.4.3, py-1.9.0, pluggy-0.13.1 -- D:\ProgramData\Anaconda3\python.exe
cachedir: .pytest_cache
rootdir: D:\ML\wind\code\cnn
collecting ... collected 1 item

test_cvl_nn.py::test_cvl_nn PASSED                                       [100%]
begin time = Wed Jan 20 23:15:31 2021


end time = Thu Jan 21 02:41:15 2021



训练次数 = 30000

层数 ＝ 0
W:
[[[7809.800157], [9896.188246], [2670.405703]], 
[[9233.499024], [9601.563327], [4470.743163]], 
[[12763.453383], [11057.045390], [8437.756257]]]

B:
[[[0.570246], [1.668094], [1.927271], [1.947000], [2.886954], [-2.612769], [-44.574881], [13.950396], [-12.257125], [4.418369], [-12.136631], [1.261641], [2.124713], [2.163134], [2.002475], [2.696799], [1.630690], [0.596590]], 
[[1.304037], [1.931485], [3.086408], [14.336790], [-12.529139], [-17.053516], [-40.392275], [-35.754998], [-53.311413], [-39.553269], [-25.968505], [9.314960], [7.891527], [0.757913], [2.287307], [2.711484], [1.891503], [0.794560]], 
[[0.372032], [2.279870], [4.279440], [-1.916778], [-12.755002], [-50.113596], [-49.981898], [49.254575], [73.409464], [20.608685], [-71.107864], [-93.185940], [20.855861], [-4.328255], [4.252014], [4.742057], [3.630128], [1.811069]], 
[[0.293142], [2.468086], [4.144528], [4.150772], [-3.443158], [-30.562708], [8.030440], [-50.949259], [-8.144663], [-27.700713], [-23.102314], [8.732264], [64.221020], [-10.592008], [4.646092], [4.384419], [3.868505], [1.948417]], 
[[0.751319], [2.147603], [4.636996], [-12.879918], [14.989805], [-34.072409], [70.482642], [22.758233], [2.441075], [21.470246], [-21.485841], [-66.057740], [-30.480626], [32.167655], [4.624296], [4.721772], [3.619143], [1.693002]], 
[[0.884489], [1.832751], [3.813383], [-6.270701], [9.300581], [-14.775122], [8.611621], [-111.775763], [23.280803], [116.136173], [-71.415345], [-44.829130], [-13.385814], [50.803870], [4.644373], [4.432349], [3.925526], [2.530225]], 
[[0.783509], [2.692199], [4.046022], [-5.994374], [-2.020962], [6.518997], [-49.504857], [-0.964308], [90.623380], [-135.132890], [-17.636100], [-13.696452], [0.418583], [12.086086], [4.197086], [4.653456], [3.825678], [1.531557]], 
[[0.599674], [2.790655], [-12.751815], [2.218394], [-84.163215], [15.096178], [-70.043149], [160.143635], [-153.514229], [-52.705842], [65.838550], [-22.173362], [-5.680600], [11.623703], [3.866154], [4.549692], [3.789607], [2.441356]], 
[[0.280758], [2.368211], [-6.467121], [-37.917980], [-28.304281], [36.310257], [-26.214118], [-67.422744], [-70.387653], [144.808366], [-43.366827], [-2.891254], [-29.094990], [13.318942], [3.464326], [3.816414], [3.616678], [1.980908]], 
[[0.966051], [2.728999], [10.901418], [-41.138014], [27.759016], [-55.941148], [35.023880], [-43.139532], [140.607211], [-139.003636], [10.299357], [19.223920], [15.859358], [17.033160], [4.159737], [4.495868], [3.145488], [1.909497]], 
[[1.099613], [2.788940], [14.897798], [-38.957674], [-31.711735], [-16.245264], [16.414303], [-16.476648], [44.207127], [9.412161], [78.141188], [-68.233734], [27.545599], [-4.730927], [4.307285], [3.577741], [3.205130], [1.627400]], 
[[0.796933], [2.437593], [43.908179], [-72.101156], [-57.415712], [9.215158], [14.821651], [28.205372], [-24.358890], [45.684086], [-32.872996], [-17.619981], [40.209372], [7.734779], [3.956204], [4.247697], [3.995551], [1.658698]], 
[[0.328742], [2.751638], [-5.797780], [2.347534], [-63.945674], [79.876639], [-51.049638], [1.275305], [20.306046], [34.970953], [-56.601693], [12.463809], [-12.682166], [7.721010], [4.135884], [4.378684], [3.505164], [2.420489]], 
[[0.754376], [2.183990], [-2.755591], [22.604118], [-167.615635], [3.134352], [-34.208455], [119.837617], [-67.825699], [-26.776628], [23.264061], [-0.828532], [-21.172779], [6.940909], [3.511819], [4.323832], [3.733815], [2.068415]], 
[[0.528713], [2.071198], [4.547890], [6.044969], [9.691296], [-25.085797], [3.999483], [-74.969238], [1.531512], [43.236823], [-36.888299], [-23.566339], [-16.024206], [10.043024], [4.185653], [4.420326], [3.536139], [1.591563]], 
[[0.530852], [2.255881], [3.885549], [2.323098], [13.807642], [-70.211763], [68.953076], [-11.865671], [39.510355], [-75.036842], [-5.561254], [37.134726], [3.124853], [13.932272], [3.962462], [3.997741], [4.038639], [2.119493]], 
[[0.103908], [0.422434], [1.283719], [2.374385], [-5.365816], [-3.031548], [26.610802], [-50.454593], [33.695170], [14.106061], [2.028307], [2.068017], [1.892023], [1.794987], [2.130452], [2.402568], [1.338406], [0.619476]], 
[[-0.230793], [0.590205], [2.049515], [1.347184], [2.078444], [13.147858], [-4.812089], [-28.330195], [16.176996], [1.831466], [1.240637], [0.938055], [0.570789], [1.547703], [1.936579], [1.335757], [1.482574], [0.632938]]]


层数 ＝ 1
W:
[[[0.803986], [0.333516], [-0.057880]], 
[[0.071758], [0.111884], [0.321051]], 
[[0.541564], [0.740464], [0.237204]]]

B:
[[[1.855334], [1.859971], [1.871225], [1.857942], [1.853287], [-1.659348], [-2.256569], [-1.659348], [-1.659348], [-0.874507], [1.851311], [1.849341], [1.881751], [1.859019], [1.864142], [1.865697]], 
[[1.850075], [1.847957], [1.878070], [-0.894825], [-1.669367], [-2.729769], [-2.288209], [-2.301716], [-3.168147], [-3.169560], [-2.301716], [-0.875034], [1.860719], [1.860436], [1.873483], [1.851969]], 
[[1.866184], [1.860375], [1.856686], [1.852277], [-0.769607], [-1.737815], [-2.776464], [-1.135934], [-1.888569], [-2.747303], [-1.773305], [-1.765417], [1.855538], [1.882051], [1.853219], [1.854800]], 
[[1.876645], [1.860251], [1.852936], [1.863795], [-0.945095], [-2.316544], [-2.364358], [-0.945095], [-3.168832], [-3.167202], [-0.875034], [-1.765417], [1.851499], [1.860690], [1.863850], [1.850534]], 
[[1.859029], [1.852292], [1.854784], [-0.945095], [-1.775232], [-2.316544], [-1.855090], [-3.584593], [-3.619426], [-2.343891], [1.877567], [-1.008481], [1.859411], [1.863264], [1.849326], [1.864503]], 
[[1.869445], [1.865381], [1.862294], [-0.945095], [-1.801167], [-0.875034], [-3.171984], [-4.088113], [-2.239827], [-1.821874], [1.849072], [-1.008481], [1.849592], [1.863014], [1.848212], [1.849249]], 
[[1.861093], [1.854717], [1.857589], [-0.945095], [-1.801167], [-1.742942], [-2.767745], [-2.745787], [-1.135934], [-1.135934], [-1.764640], [-1.008481], [1.856936], [1.882681], [1.849524], [1.873592]], 
[[1.847707], [1.883286], [-0.945095], [-1.008481], [-2.769237], [-3.177017], [-3.583377], [-3.165671], [-2.339844], [-2.339844], [-2.311175], [-0.945095], [1.874261], [1.865500], [1.876356], [1.851590]], 
[[1.862784], [1.869702], [-0.945095], [-1.793264], [-2.751911], [-2.245697], [-2.297454], [-2.316839], [-0.937402], [-1.822644], [-2.296443], [1.864741], [1.854676], [1.883532], [1.879595], [1.868244]], 
[[1.851618], [1.848827], [1.850442], [-1.765417], [-2.286817], [-0.769607], [-1.057345], [-1.775232], [-2.355872], [-2.363274], [-2.296443], [-0.875034], [1.862456], [1.855947], [1.850436], [1.862415]], 
[[1.863194], [1.859074], [-0.874507], [-2.301716], [-2.260789], [1.849311], [-1.813980], [-0.945095], [-2.355872], [-1.008481], [-0.874507], [-0.875034], [1.863725], [1.876036], [1.866092], [1.861870]], 
[[1.852148], [1.855221], [-1.745667], [-3.169560], [-1.689395], [-0.937402], [-1.813980], [-2.783635], [-2.783635], [1.853599], [-0.874507], [-0.875034], [1.862785], [1.874156], [1.856804], [1.869008]], 
[[1.859162], [1.859332], [-0.964343], [-3.609545], [-2.296443], [-2.766035], [-2.773092], [-2.783635], [-0.874507], [-1.706427], [-1.706427], [-0.875034], [1.865507], [1.868100], [1.863220], [1.852386]], 
[[1.870592], [1.851319], [1.871188], [-1.702029], [-2.743549], [-3.589761], [-3.165266], [-2.301460], [-2.239827], [-1.660119], [-0.769607], [-0.769607], [1.882391], [1.878445], [1.852408], [1.868965]], 
[[1.869159], [1.866181], [1.851106], [1.863738], [1.859614], [-1.057345], [-1.737815], [-0.875034], [1.853084], [1.851007], [1.881772], [1.873476], [1.878724], [1.848992], [1.855586], [1.870854]], 
[[1.865386], [1.847659], [1.880725], [1.868623], [-1.057345], [-1.057345], [-0.945095], [1.856417], [1.849439], [1.870065], [1.870653], [1.880451], [1.848944], [1.853491], [1.866479], [1.854744]]]


======================= 1 passed in 29143.98s (8:05:43) =======================

Process finished with exit code 0
