Testing started at 6:13 ...
D:\ProgramData\Anaconda3\python.exe "D:\Program Files\JetBrains\PyCharm Community Edition 2020.2.3\plugins\python-ce\helpers\pycharm\_jb_pytest_runner.py" --target test_cvl_nn.py::test_cvl_nn
Launching pytest with arguments test_cvl_nn.py::test_cvl_nn in D:\ML\wind\code\cnn

============================= test session starts =============================
platform win32 -- Python 3.8.3, pytest-5.4.3, py-1.9.0, pluggy-0.13.1 -- D:\ProgramData\Anaconda3\python.exe
cachedir: .pytest_cache
rootdir: D:\ML\wind\code\cnn
collecting ... collected 1 item

test_cvl_nn.py::test_cvl_nn PASSED                                       [100%]
begin time = Fri Jan 22 06:13:30 2021


end time = Fri Jan 22 09:47:28 2021



训练次数 = 30000

层数 ＝ 0
W:
[[[16438.100897], [21012.068169], [6358.989050]], 
[[19697.823522], [20744.909143], [10048.734045]], 
[[26808.659282], [23478.998225], [17697.474457]]]

B:
[[[0.661034], [1.859959], [2.215893], [2.234960], [3.176009], [-6.565530], [-88.510854], [30.166860], [-22.402864], [11.288215], [-24.258118], [0.824061], [2.414261], [2.450958], [2.288019], [2.984933], [1.828495], [0.694109]], 
[[1.435345], [2.188065], [3.473616], [26.719513], [-25.620820], [-32.444056], [-77.881204], [-67.887440], [-103.152955], [-75.367156], [-48.343151], [21.023357], [16.125021], [0.414365], [2.670264], [3.096562], [2.147374], [0.929322]], 
[[0.493556], [2.620230], [4.852373], [-7.406012], [-27.888395], [-102.164643], [-97.628112], [103.258883], [150.870394], [44.726871], [-137.400712], [-184.499491], [41.019948], [-11.284416], [4.818541], [5.312727], [4.080924], [2.044630]], 
[[0.411986], [2.805982], [4.719208], [4.306125], [-9.148049], [-60.377513], [19.675949], [-98.679550], [-11.686192], [-50.839044], [-40.449987], [22.087662], [129.746602], [-22.673172], [5.219405], [4.954843], [4.319992], [2.184801]], 
[[0.872318], [2.486884], [5.210330], [-28.738167], [29.224414], [-66.929765], [144.297728], [50.890388], [10.385869], [47.913683], [-39.216445], [-129.413970], [-60.816634], [63.638237], [5.195636], [5.292932], [4.073097], [1.926860]], 
[[1.005208], [2.167864], [4.381132], [-15.280109], [17.798330], [-28.770359], [20.753511], [-217.928240], [51.560842], [237.904033], [-139.530174], [-88.626028], [-27.604231], [100.214824], [5.222074], [5.007275], [4.381499], [2.766493]], 
[[0.904570], [3.031710], [4.620226], [-15.135958], [-4.152261], [16.459001], [-94.325959], [1.614054], [186.064961], [-264.552690], [-31.435161], [-25.505866], [0.813025], [23.112838], [4.768860], [5.224442], [4.278185], [1.762403]], 
[[0.723444], [3.127743], [-28.616491], [2.917712], [-167.452256], [35.268602], [-135.113535], [325.680807], [-300.522876], [-100.100326], [137.169670], [-42.024098], [-10.405719], [22.199408], [4.434342], [5.119476], [4.243033], [2.676921]], 
[[0.403024], [2.704553], [-15.478622], [-77.516029], [-54.852848], [77.120300], [-47.731279], [-130.579502], [-136.221635], [293.499307], [-84.405599], [-3.974731], [-57.927500], [24.588501], [4.025861], [4.378586], [4.061969], [2.210991]], 
[[1.088832], [3.073175], [18.192988], [-83.663959], [57.461760], [-108.496331], [75.500528], [-82.014596], [286.174741], [-273.981382], [25.039143], [42.832487], [33.948899], [32.619577], [4.729365], [5.064321], [3.594728], [2.143190]], 
[[1.221578], [3.128829], [26.811381], [-77.799412], [-61.033924], [-29.234462], [35.513410], [-31.295744], [93.271491], [21.364001], [159.410661], [-133.819664], [55.778845], [-11.780860], [4.873930], [4.140200], [3.650654], [1.858759]], 
[[0.919657], [2.780317], [86.151823], [-145.111867], [-112.863095], [22.103902], [32.541443], [60.510184], [-44.344691], [94.447355], [-63.005396], [-33.359481], [82.281253], [14.249705], [4.525478], [4.818239], [4.446220], [1.889884]], 
[[0.451282], [3.091521], [-14.258752], [4.534840], [-124.835328], [165.191214], [-99.425693], [5.115008], [44.693862], [74.057427], [-110.428849], [26.754927], [-24.400695], [14.236592], [4.702340], [4.945824], [3.955340], [2.654079]], 
[[0.874601], [2.524334], [-9.501266], [44.150994], [-332.441154], [11.328172], [-63.411508], [245.437078], [-130.801739], [-48.004704], [48.360704], [-0.898466], [-42.121206], [13.067057], [4.075437], [4.891700], [4.183645], [2.299082]], 
[[0.648496], [2.408588], [5.107939], [9.098505], [18.782950], [-48.953300], [9.613418], [-146.055902], [5.232501], [86.170312], [-75.145684], [-47.919717], [-32.543855], [17.931200], [4.754250], [4.990674], [3.986700], [1.823706]], 
[[0.651437], [2.593882], [4.456002], [1.045422], [26.188487], [-139.790385], [140.964276], [-21.281104], [79.533894], [-151.259151], [-12.746391], [73.362676], [4.838380], [25.338026], [4.530128], [4.569642], [4.489050], [2.351415]], 
[[0.135445], [0.570172], [1.563118], [2.657420], [-11.749656], [-7.986962], [53.704017], [-99.771297], [69.132042], [27.956757], [2.313914], [2.347195], [2.169145], [2.072563], [2.412740], [2.688928], [1.588679], [0.752714]], 
[[-0.238365], [0.675855], [2.236907], [1.532201], [3.004736], [26.557375], [-8.386126], [-56.151405], [32.110657], [2.019926], [1.427023], [1.121048], [0.751770], [1.732084], [2.125600], [1.521816], [1.676033], [0.733215]]]


层数 ＝ 1
W:
[[[0.824044], [0.353574], [-0.037822]], 
[[0.091816], [0.131942], [0.341109]], 
[[0.561622], [0.760522], [0.257262]]]

B:
[[[2.033708], [2.036968], [2.044916], [2.035540], [2.032271], [-1.840900], [-2.437634], [-1.840900], [-1.840900], [-1.058330], [2.030886], [2.029507], [2.052397], [2.036297], [2.039907], [2.041005]], 
[[2.030021], [2.028539], [2.049776], [-1.078480], [-1.850881], [-2.910691], [-2.469216], [-2.482706], [-3.349022], [-3.350452], [-2.482706], [-1.058740], [2.037494], [2.037295], [2.046517], [2.031347]], 
[[2.041349], [2.037251], [2.034657], [2.031563], [-0.954133], [-1.919213], [-2.957334], [-1.318478], [-2.069804], [-2.928201], [-1.954665], [-1.946762], [2.033850], [2.052611], [2.032224], [2.033333]], 
[[2.048763], [2.037164], [2.032025], [2.039662], [-1.128535], [-2.497557], [-2.545332], [-1.128535], [-3.349715], [-3.348082], [-1.058740], [-1.946762], [2.031018], [2.037474], [2.039701], [2.030342]], 
[[2.036304], [2.031574], [2.033322], [-1.128535], [-1.956670], [-2.497557], [-2.036401], [-3.765482], [-3.800373], [-2.524880], [2.049418], [-1.191567], [2.036573], [2.039288], [2.029497], [2.040162]], 
[[2.043655], [2.040782], [2.038604], [-1.128535], [-1.982554], [-1.058740], [-3.352851], [-4.269225], [-2.420874], [-2.003183], [2.029319], [-1.191567], [2.029683], [2.039112], [2.028718], [2.029443]], 
[[2.037757], [2.033274], [2.035292], [-1.128535], [-1.982554], [-1.924362], [-2.948622], [-2.926686], [-1.318478], [-1.318478], [-1.946030], [-1.191567], [2.034833], [2.053061], [2.029636], [2.046594]], 
[[2.028365], [2.053492], [-1.128535], [-1.191567], [-2.950143], [-3.357894], [-3.764277], [-3.346526], [-2.520818], [-2.520818], [-2.492195], [-1.128535], [2.047069], [2.040866], [2.048557], [2.031081]], 
[[2.038949], [2.043837], [-1.128535], [-1.974624], [-2.932809], [-2.426728], [-2.478489], [-2.497889], [-1.120889], [-2.003912], [-2.477446], [2.040330], [2.033246], [2.053667], [2.050862], [2.042806]], 
[[2.031101], [2.029148], [2.030278], [-1.946762], [-2.467827], [-0.954133], [-1.240240], [-1.956670], [-2.536879], [-2.544250], [-2.477446], [-1.058740], [2.038718], [2.034138], [2.030273], [2.038689]], 
[[2.039238], [2.036336], [-1.058330], [-2.482706], [-2.441842], [2.029486], [-1.995324], [-1.128535], [-2.536879], [-1.191567], [-1.058330], [-1.058740], [2.039613], [2.048330], [2.041284], [2.038305]], 
[[2.031473], [2.033628], [-1.927141], [-3.350452], [-1.870911], [-1.120889], [-1.995324], [-2.964520], [-2.964520], [2.032490], [-1.058330], [-1.058740], [2.038950], [2.046994], [2.034740], [2.043346]], 
[[2.036398], [2.036518], [-1.147777], [-3.790486], [-2.477446], [-2.946943], [-2.953995], [-2.964520], [-1.058330], [-1.887860], [-1.887860], [-1.058740], [2.040871], [2.042704], [2.039257], [2.031639]], 
[[2.044467], [2.030892], [2.044889], [-1.883567], [-2.924458], [-3.770673], [-3.346133], [-2.482477], [-2.420874], [-1.841618], [-0.954133], [-0.954133], [2.052854], [2.050043], [2.031655], [2.043315]], 
[[2.043453], [2.041347], [2.030743], [2.039622], [2.036716], [-1.240240], [-1.919213], [-1.058740], [2.032129], [2.030673], [2.052412], [2.046512], [2.050241], [2.029263], [2.033884], [2.044653]], 
[[2.040785], [2.028331], [2.051666], [2.043074], [-1.240240], [-1.240240], [-1.128535], [2.034468], [2.029576], [2.044094], [2.044511], [2.051470], [2.029229], [2.032414], [2.041558], [2.033293]]]


======================= 1 passed in 20237.68s (5:37:17) =======================

Process finished with exit code 0
