Testing started at 12:00 ...
D:\ProgramData\Anaconda3\python.exe "D:\Program Files\JetBrains\PyCharm Community Edition 2020.2.3\plugins\python-ce\helpers\pycharm\_jb_pytest_runner.py" --target test_cvl_nn.py::test_cvl_nn
Launching pytest with arguments test_cvl_nn.py::test_cvl_nn in D:\ML\wind\code\cnn

============================= test session starts =============================
platform win32 -- Python 3.8.3, pytest-5.4.3, py-1.9.0, pluggy-0.13.1 -- D:\ProgramData\Anaconda3\python.exe
cachedir: .pytest_cache
rootdir: D:\ML\wind\code\cnn
collecting ... collected 1 item

test_cvl_nn.py::test_cvl_nn PASSED                                       [100%]
begin time = Fri Jan 22 12:00:18 2021


end time = Fri Jan 22 19:21:20 2021



训练次数 = 60000

层数 ＝ 0
W:
[[[25390.232890], [32600.740020], [10454.593038]],
[[30643.149877], [32487.544503], [16065.941808]],
[[41348.898949], [36431.949742], [27283.439987]]]

B:
[[[0.715101], [1.974137], [2.387902], [2.406673], [3.348215], [-10.564372], [-132.415254], [46.503218], [-32.432184], [18.294964], [-36.348997], [0.348342], [2.586671], [2.622596], [2.458631], [3.156726], [1.946428], [0.752287]],
[[1.514352], [2.342578], [3.707341], [39.041690], [-38.723104], [-47.723642], [-115.248273], [-99.871424], [-152.845305], [-111.040647], [-70.604176], [32.827495], [24.381645], [-0.001868], [2.902057], [3.329338], [2.302090], [1.010418]],
[[0.568814], [2.826865], [5.198503], [-13.100174], [-43.153670], [-154.221700], [-145.123210], [157.504046], [228.561646], [69.061588], [-203.446210], [-275.679652], [61.166458], [-18.368180], [5.161747], [5.657815], [4.351550], [2.184629]],
[[0.486020], [3.011486], [5.066088], [4.223942], [-14.907690], [-90.070929], [31.536354], [-146.216915], [-14.987736], [-73.741928], [-57.588058], [35.667701], [195.403711], [-34.780445], [5.565671], [5.299858], [4.590948], [2.326066]],
[[0.947281], [2.692973], [5.556650], [-44.771759], [43.432168], [-99.682256], [218.365964], [79.267415], [18.582189], [74.577620], [-56.796083], [-192.641990], [-91.100124], [95.078099], [5.541073], [5.638280], [4.345163], [2.066995]],
[[1.080044], [2.372102], [4.724972], [-24.423891], [26.279679], [-42.656457], [33.158186], [-323.842043], [80.057549], [359.937898], [-207.532690], [-132.315522], [-41.769204], [149.593343], [5.570367], [5.354347], [4.654465], [2.907691]],
[[0.979589], [3.237929], [4.966936], [-24.423275], [-6.236975], [26.652793], [-138.916726], [4.418455], [281.741575], [-393.734309], [-45.034125], [-37.180427], [1.239852], [34.116887], [5.114519], [5.569703], [4.549612], [1.901177]],
[[0.799670], [3.332840], [-44.653020], [3.575846], [-250.615706], [55.692310], [-199.964618], [491.465009], [-447.308779], [-147.283831], [208.762148], [-61.735292], [-15.072089], [32.752241], [4.778338], [5.464183], [4.514829], [2.817789]],
[[0.478607], [2.909340], [-24.623380], [-117.138588], [-81.262974], [118.171833], [-69.025740], [-193.504652], [-201.839825], [442.458934], [-125.219486], [-4.906710], [-86.720601], [35.753252], [4.366797], [4.719782], [4.330090], [2.349417]],
[[1.164661], [3.281426], [25.286289], [-126.251881], [87.320095], [-160.831114], [116.245030], [-120.666833], [431.987329], [-408.734829], [40.001349], [66.621660], [52.160060], [48.164983], [5.073918], [5.408376], [3.864608], [2.283226]],
[[1.297018], [3.335228], [38.581514], [-116.641404], [-90.149115], [-42.054242], [54.744539], [-45.994365], [142.602298], [33.522939], [240.972904], [-199.196715], [84.086153], [-18.958762], [5.217190], [4.481591], [3.918908], [1.997751]],
[[0.995451], [2.988009], [128.279363], [-218.173833], [-168.188990], [35.186904], [50.476106], [93.070550], [-64.108372], [143.378322], [-92.980328], [-48.983423], [124.499482], [20.739072], [4.869956], [5.163259], [4.716783], [2.028799]],
[[0.526981], [3.297934], [-22.840065], [6.762774], [-185.508998], [250.757581], [-147.651766], [9.101813], [69.327342], [113.361692], [-164.066700], [41.268461], [-35.994979], [20.726219], [5.045523], [5.289321], [4.225684], [2.794068]],
[[0.949268], [2.730943], [-16.460908], [65.669214], [-497.128994], [19.735885], [-92.378520], [371.301715], [-193.555743], [-69.007191], [73.601697], [-0.809937], [-62.950916], [19.168995], [4.417340], [5.235519], [4.453848], [2.437773]],
[[0.722933], [2.613846], [5.432945], [12.037417], [27.823924], [-72.737513], [15.356950], [-216.919956], [9.106417], [129.196234], [-113.426176], [-72.282017], [-49.113307], [25.712918], [5.098364], [5.335638], [4.257222], [1.963039]],
[[0.726214], [2.799415], [4.800972], [-0.467041], [38.506243], [-209.261447], [213.159687], [-30.505563], [119.592213], [-227.553733], [-20.022255], [109.512983], [6.492038], [36.623059], [4.873884], [4.915301], [4.759495], [2.490648]],
[[0.156950], [0.662247], [1.735038], [2.830938], [-18.219101], [-13.019722], [80.860724], [-149.027332], [104.635323], [41.798846], [2.488566], [2.518907], [2.339941], [2.243666], [2.585978], [2.863966], [1.740151], [0.833265]],
[[-0.241144], [0.728821], [2.350007], [1.644242], [3.851216], [39.976552], [-11.887204], [-83.918601], [48.074015], [2.133532], [1.539688], [1.232162], [0.862038], [1.843876], [2.239465], [1.634374], [1.791269], [0.792765]]]


层数 ＝ 1
W:
[[[0.835699], [0.365229], [-0.026167]],
[[0.103471], [0.143597], [0.352764]],
[[0.573277], [0.772177], [0.268917]]]

B:
[[[2.136738], [2.139396], [2.145890], [2.138232], [2.135568], [-1.946132], [-2.542707], [-1.946132], [-1.946132], [-1.164288], [2.134440], [2.133318], [2.152019], [2.138849], [2.141795], [2.142692]],
[[2.133736], [2.132530], [2.149870], [-1.184384], [-1.956101], [-3.015717], [-2.574270], [-2.587753], [-3.454032], [-3.455468], [-2.587753], [-1.164662], [2.139826], [2.139663], [2.147200], [2.134815]],
[[2.142973], [2.139627], [2.137512], [2.134991], [-1.060312], [-2.024394], [-3.062343], [-1.424030], [-2.174933], [-3.033219], [-2.059833], [-2.051925], [2.136854], [2.152195], [2.135529], [2.136433]],
[[2.149040], [2.139556], [2.135367], [2.141595], [-1.234372], [-2.602612], [-2.650375], [-1.234372], [-3.454728], [-3.453093], [-1.164662], [-2.051925], [2.134548], [2.139809], [2.141627], [2.133997]],
[[2.138855], [2.135000], [2.136424], [-1.234372], [-2.061865], [-2.602612], [-2.141553], [-3.870496], [-3.905406], [-2.629927], [2.149576], [-1.297292], [2.139074], [2.141290], [2.133310], [2.142004]],
[[2.144858], [2.142510], [2.140731], [-1.234372], [-2.087731], [-1.164662], [-3.457859], [-4.374313], [-2.525941], [-2.108335], [2.133165], [-1.297292], [2.133461], [2.141146], [2.132676], [2.133266]],
[[2.140040], [2.136385], [2.138029], [-1.234372], [-2.087731], [-2.029550], [-3.053633], [-3.031705], [-1.424030], [-1.424030], [-2.051209], [-1.297292], [2.137655], [2.152564], [2.133423], [2.147263]],
[[2.132389], [2.152917], [-1.234372], [-1.297292], [-3.055163], [-3.462905], [-3.869296], [-3.451530], [-2.625860], [-2.625860], [-2.597253], [-1.234372], [2.147652], [2.142579], [2.148871], [2.134599]],
[[2.141013], [2.145007], [-1.234372], [-2.079792], [-3.037827], [-2.531789], [-2.583552], [-2.602957], [-1.226741], [-2.109051], [-2.582498], [2.142141], [2.136362], [2.153061], [2.150760], [2.144164]],
[[2.134615], [2.133026], [2.133945], [-2.051925], [-2.572881], [-1.060312], [-1.345905], [-2.061865], [-2.641931], [-2.649293], [-2.582498], [-1.164662], [2.140825], [2.137089], [2.133941], [2.140801]],
[[2.141249], [2.138881], [-1.164288], [-2.587753], [-2.546910], [2.133301], [-2.100488], [-1.234372], [-2.641931], [-1.297292], [-1.164288], [-1.164662], [2.141555], [2.148685], [2.142920], [2.140487]],
[[2.134918], [2.136673], [-2.032346], [-3.455468], [-1.976131], [-1.226741], [-2.100488], [-3.069533], [-3.069533], [2.135746], [-1.164288], [-1.164662], [2.141014], [2.147591], [2.137579], [2.144606]],
[[2.138931], [2.139029], [-1.253613], [-3.895517], [-2.582498], [-3.051963], [-3.059014], [-3.069533], [-1.164288], [-1.993053], [-1.993053], [-1.164662], [2.142583], [2.144081], [2.141265], [2.135053]],
[[2.145523], [2.134445], [2.145868], [-1.988794], [-3.029480], [-3.875695], [-3.451140], [-2.587534], [-2.525941], [-1.946833], [-1.060312], [-1.060312], [2.152394], [2.150089], [2.135066], [2.144580]],
[[2.144693], [2.142972], [2.134324], [2.141563], [2.139191], [-1.345905], [-2.024394], [-1.164662], [2.135452], [2.134267], [2.152031], [2.147196], [2.150251], [2.133119], [2.136882], [2.145675]],
[[2.142513], [2.132361], [2.151419], [2.144383], [-1.345905], [-1.345905], [-1.234372], [2.137358], [2.133374], [2.145218], [2.145559], [2.151259], [2.133092], [2.135684], [2.143144], [2.136400]]]


======================= 1 passed in 31497.82s (8:44:57) =======================

Process finished with exit code 0
