Testing started at 20:51 ...
D:\ProgramData\Anaconda3\python.exe "D:\Program Files\JetBrains\PyCharm Community Edition 2020.2.3\plugins\python-ce\helpers\pycharm\_jb_pytest_runner.py" --target test_cvl_nn.py::test_cvl_nn
Launching pytest with arguments test_cvl_nn.py::test_cvl_nn in D:\ML\wind\code\cnn

============================= test session starts =============================
platform win32 -- Python 3.8.3, pytest-5.4.3, py-1.9.0, pluggy-0.13.1 -- D:\ProgramData\Anaconda3\python.exe
cachedir: .pytest_cache
rootdir: D:\ML\wind\code\cnn
collecting ... collected 1 item

test_cvl_nn.py::test_cvl_nn PASSED                                       [100%]
begin time = Fri Jan 22 20:51:21 2021


end time = Sat Jan 23 01:50:36 2021



训练次数 = 40000

层数 ＝ 0
W:
[[[31478.846780], [40502.293776], [13336.571377]],
[[38118.966721], [40538.843572], [20240.945711]],
[[51226.429531], [45264.709939], [33795.550853]]]

B:
[[[0.742158], [2.031248], [2.473993], [2.492638], [3.434391], [-13.241450], [-161.676985], [57.423564], [-39.089787], [22.999513], [-44.401999], [0.021880], [2.672931], [2.708526], [2.544120], [3.242725], [2.005460], [0.781417]],
[[1.554106], [2.420360], [3.825112], [47.240982], [-47.461021], [-57.883000], [-140.129452], [-121.157042], [-185.936308], [-134.787854], [-85.416616], [40.720355], [29.891084], [-0.297697], [3.018995], [3.446704], [2.380109], [1.051222]],
[[0.607223], [2.931290], [5.372985], [-16.946866], [-53.362734], [-188.927159], [-176.748764], [193.727318], [280.413168], [85.338766], [-247.415684], [-336.433261], [74.593238], [-23.122390], [5.334965], [5.831845], [4.487524], [2.254915]],
[[0.523900], [3.115421], [5.240884], [4.110795], [-18.760919], [-109.836373], [39.496901], [-177.860092], [-17.129171], [-88.951971], [-68.961006], [44.776983], [239.207343], [-42.858927], [5.740203], [5.473865], [4.727068], [2.396895]],
[[0.985551], [2.797150], [5.731216], [-55.504285], [52.897388], [-121.490978], [267.807413], [98.246242], [24.108793], [92.408579], [-68.478027], [-234.761651], [-111.276354], [116.030034], [5.715263], [5.812430], [4.481759], [2.137340]],
[[1.118258], [2.475491], [4.898481], [-30.553027], [31.930224], [-51.886142], [41.492861], [-394.391934], [99.109423], [441.359616], [-252.839467], [-161.414917], [-51.200020], [182.504001], [5.745782], [5.529243], [4.791446], [2.978488]],
[[1.017888], [3.342168], [5.141669], [-30.650273], [-7.614959], [33.511359], [-168.586573], [6.344395], [345.584443], [-479.796214], [-54.050965], [-44.930061], [1.531866], [41.446678], [5.288810], [5.743814], [4.685937], [1.970937]],
[[0.838485], [3.436591], [-55.386816], [4.004344], [-306.026870], [69.370319], [-243.143985], [602.049076], [-545.110471], [-178.686756], [256.554762], [-74.840957], [-18.168750], [39.781168], [4.951904], [5.638053], [4.651302], [2.888441]],
[[0.517154], [3.012963], [-30.752942], [-143.559326], [-98.834944], [145.599421], [-83.166504], [-235.397064], [-245.531395], [541.831743], [-152.372839], [-5.490084], [-105.906282], [43.170118], [4.539036], [4.892127], [4.464983], [2.419027]],
[[1.203316], [3.386522], [29.966686], [-154.658379], [107.264533], [-195.666101], [143.474167], [-146.379570], [529.256505], [-498.514553], [50.031643], [82.526105], [64.330163], [58.517440], [5.247703], [5.581954], [4.000252], [2.353523]],
[[1.335501], [3.439546], [46.392733], [-142.535877], [-109.508123], [-50.558455], [67.598693], [-55.762839], [175.555383], [41.680547], [295.419710], [-242.729838], [102.975526], [-23.775848], [5.390432], [4.654034], [4.053864], [2.067602]],
[[1.034089], [3.092886], [156.335639], [-266.893618], [-205.042099], [43.957191], [62.485584], [114.840033], [-77.228818], [176.040849], [-112.924273], [-59.370063], [152.680507], [25.058300], [5.043728], [5.337257], [4.852729], [2.098617]],
[[0.565576], [3.402262], [-28.590423], [8.258477], [-225.904283], [307.863851], [-179.764770], [11.796721], [85.810525], [139.618270], [-199.778326], [50.998854], [-43.694232], [25.045550], [5.218733], [5.462667], [4.361536], [2.864345]],
[[0.987422], [2.835353], [-21.152942], [80.008161], [-606.886240], [25.394493], [-111.631145], [455.277080], [-235.336364], [-82.953098], [90.465303], [-0.711553], [-76.808598], [23.230168], [4.590001], [5.409002], [4.589643], [2.507497]],
[[0.760981], [2.717671], [5.591797], [13.968572], [33.839457], [-88.572505], [19.218735], [-264.107215], [11.732117], [157.903474], [-138.951331], [-88.525044], [-60.171937], [30.873929], [5.271967], [5.509619], [4.393151], [2.033033]],
[[0.764403], [2.903358], [4.974947], [-1.533145], [46.702155], [-255.549082], [261.335708], [-36.607938], [146.306895], [-278.434157], [-24.895162], [133.593811], [7.578749], [44.115738], [5.047347], [5.089580], [4.895389], [2.560599]],
[[0.168427], [0.709388], [1.822486], [2.919064], [-22.553446], [-16.393383], [98.981240], [-181.849230], [128.320087], [51.023853], [2.577173], [2.606242], [2.426885], [2.330765], [2.673996], [2.952749], [1.816570], [0.873874]],
[[-0.242078], [0.755828], [2.407004], [1.700787], [4.396131], [48.925158], [-14.203144], [-102.416941], [58.723051], [2.190751], [1.596502], [1.288305], [0.917831], [1.900322], [2.296797], [1.691151], [1.848932], [0.822521]]]


层数 ＝ 1
W:
[[[0.841450], [0.370980], [-0.020416]],
[[0.109222], [0.149348], [0.358515]],
[[0.579028], [0.777928], [0.274668]]]

B:
[[[2.187459], [2.189863], [2.195740], [2.188810], [2.186401], [-1.998011], [-2.594529], [-1.998011], [-1.998011], [-1.216427], [2.185382], [2.184368], [2.201294], [2.189368], [2.192033], [2.192845]],
[[2.184746], [2.183656], [2.199346], [-1.236505], [-2.007976], [-3.067521], [-2.626084], [-2.639566], [-3.505831], [-3.507269], [-2.639566], [-1.216788], [2.190252], [2.190104], [2.196926], [2.185721]],
[[2.193099], [2.190072], [2.188159], [2.185880], [-1.112530], [-2.076254], [-3.114141], [-1.476024], [-2.226774], [-3.085021], [-2.111690], [-2.103780], [2.187564], [2.201453], [2.186366], [2.187183]],
[[2.198593], [2.190007], [2.186220], [2.191852], [-1.286469], [-2.654427], [-2.702186], [-1.286469], [-3.506528], [-3.504893], [-1.216788], [-2.103780], [2.185480], [2.190236], [2.191881], [2.184982]],
[[2.189373], [2.185888], [2.187175], [-1.286469], [-2.113730], [-2.654427], [-2.193404], [-3.922297], [-3.957214], [-2.681740], [2.199079], [-1.349349], [2.189571], [2.191576], [2.184361], [2.192222]],
[[2.194805], [2.192680], [2.191070], [-1.286469], [-2.139591], [-1.216788], [-3.509657], [-4.426140], [-2.577760], [-2.160186], [2.184230], [-1.349349], [2.184497], [2.191446], [2.183788], [2.184321]],
[[2.190445], [2.187140], [2.188626], [-1.286469], [-2.139591], [-2.081414], [-3.105432], [-3.083507], [-1.476024], [-1.476024], [-2.103069], [-1.349349], [2.188288], [2.201788], [2.184463], [2.196983]],
[[2.183529], [2.202108], [-1.286469], [-1.349349], [-3.106966], [-3.514704], [-3.921098], [-3.503326], [-2.677671], [-2.677671], [-2.649070], [-1.286469], [2.197336], [2.192742], [2.198440], [2.185526]],
[[2.191325], [2.194940], [-1.286469], [-2.131649], [-3.089629], [-2.583607], [-2.635370], [-2.654776], [-1.278842], [-2.160896], [-2.634313], [2.192346], [2.187119], [2.202238], [2.200152], [2.194177]],
[[2.185540], [2.184104], [2.184935], [-2.103780], [-2.624697], [-1.112530], [-1.397940], [-2.113730], [-2.693746], [-2.701104], [-2.634313], [-1.216788], [2.191155], [2.187776], [2.184931], [2.191134]],
[[2.191539], [2.189397], [-1.216427], [-2.639566], [-2.598731], [2.184353], [-2.152343], [-1.286469], [-2.693746], [-1.349349], [-1.216427], [-1.216788], [2.191816], [2.198272], [2.193051], [2.190849]],
[[2.185814], [2.187400], [-2.084216], [-3.507269], [-2.028006], [-1.278842], [-2.152343], [-3.121333], [-3.121333], [2.186562], [-1.216427], [-1.216788], [2.191326], [2.197281], [2.188219], [2.194577]],
[[2.189442], [2.189531], [-1.305708], [-3.947324], [-2.634313], [-3.103766], [-3.110817], [-3.121333], [-1.216427], [-2.044918], [-2.044918], [-1.216788], [2.192746], [2.194102], [2.191553], [2.185936]],
[[2.195408], [2.185387], [2.195720], [-2.040671], [-3.081283], [-3.927498], [-3.502938], [-2.639350], [-2.577760], [-1.998706], [-1.112530], [-1.112530], [2.201634], [2.199544], [2.185948], [2.194554]],
[[2.194656], [2.193098], [2.185277], [2.191823], [2.189677], [-1.397940], [-2.076254], [-1.216788], [2.186297], [2.185226], [2.201304], [2.196923], [2.199691], [2.184188], [2.187589], [2.195545]],
[[2.192683], [2.183504], [2.200750], [2.194375], [-1.397940], [-1.397940], [-1.286469], [2.188020], [2.184419], [2.195131], [2.195440], [2.200605], [2.184164], [2.186506], [2.193254], [2.187153]]]


======================= 1 passed in 35024.13s (9:43:44) =======================

Process finished with exit code 0
